-30
-30
-30
-30
-32
-32
-32
-32
-32
-32
-32
-32
-32
-32
-36
-36
-33
-33
-33
-33
-33
-33
-33
-33
-33
-33
-33
-33
-33
-33
-33
-33
-33
-33
-33
-33
-33
-33
-33
-33
-33
-37
-37
-37
-37
-37
-37
-34
-34
-34
-34
-34
-34
-34
-34
-34
-34
-37
-37
-37
-37
-37
-37
-37
-37
-37
-35
-35
-35
-35
-35
-35
-35
-35
-35
-35
-33
-33
-33
-33
-33
-33
-33
-33
-33
-33
-37
-33
-35
-35
-35
-35
-35
-35
-35
-35
-35
-35
-33
-33
-33
-33
-33
-33
-33
-33
-37
-37
-37
-37
-37
-37
-37
-37
-37
-35
-35
-34
-34
-34
-34
-34
-34
-34
-37
-37
-37
-37
-37
-37
-37
-37
-37
-37
-33
-33
-33
-33
-33
-33
-33
-33
-37
-37
-37
-37
-37
-37
-37
-37
-37
-37
-34
-34
-34
-34
-34
-34
-34
-34
-34
-33
-33
-33
-33
-33
-33
-33
-33
-33
-33
-33
-33
-36
-36
-36
-36
-36
-36
-36
-36
-36
-36
-34
-34
-34
-34
-34
-34
-34
-34
-34
-35
-35
-35
-35
-35
-35
-35
-35
-37
-34
-34
-34
-34
-34
-34
-34
-34
-34
-34
-35
-35
-35
-35
-35
-35
-37
-37
-37
-37
-37
-37
-37
-37
-37
-37
-37
-37
-34
-34
-34
-34
-34
-34
-34
-37
-37
-37
-37
-37
-37
-37
-37
-37
-37
-33
-33
-33
-33
-33
-33
-33
-34
-34
-34
-34
-34
-34
-34
-34
-34
-34
-33
-33
-33
-33
-33
-37
-37
-37
-37
-37
-37
-37
-34
-34
-34
-34
-34
-34
-34
-34
-34
-37
-37
-37
-37
-37
-37
-37
-37
-37
-37
-37
-37
-33
-33
-33
-33
-33
-33
-33
-33
-33
-37
-37
-37
-37
-37
-37
-37
-37
-37
-34
-34
-37
-37
-37
-37
-37
-37
-37
-33
-34
-34
-34
-34
-34
-34
-34
-34
-34
-34
-34
-34
-34
-34
-34
-34
-34
-34
-34
-34
-34
-34
-34
-34
-34
-34
-33
-33
-33
-33
-33
-37
-37
-37
-37
-37
-37
-37
-37
-37
-34
-34
-34
-34
-34
-34
-34
-34
-34
-34
-33
-33
-33
-35
-33
-33
-33
-33
-33
-33
-37
-37
-37
-37
-37
-37
-37
-37
-37
-37
-37
-37
-37
-33
-33
-33
-33
-33
-33
-33
-34
-37
-33
-33
-33
-33
-33
-33
-33
-33
-33
-33
-33
-33
-33
-33
-33
-33
-33
-33
-37
-33
-33
-33
-33
-33
-33
-33
-33
-33
-33
-33
-33
-33
-33
-33
-33
-33
-33
-33
-33
-33
-33
-33
-33
-33
-33
-33
-37
-33
-33
-33
-33
-33
-33
-33
-33
-33
-37
-37
-37
-37
-37
-37
-37
-37
-37
-37
-70
-70
-70
-70
-66
-66
-66
-66
-66
-66
-66
-66
-72
-66
-72
-66
-72
-72
-72
-64
-72
-64
-72
-64
-72
-64
-72
-64
-72
-64
-64
-64
-64
-64
-64
-64
-64
-64
-64
-69
-69
-69
-64
-69
-64
-69
-64
-69
-64
-69
-64
-69
-64
-70
-66
-70
-66
-70
-66
-70
-66
-70
-65
-70
-65
-70
-65
-71
-65
-72
-66
-72
-66
-72
-66
-72
-66
-72
-66
-72
-66
-72
-66
-72
-66
-72
-66
-72
-71
-71
-74
-74
-74
-74
-74
-74
-74
-75
-74
-75
-74
-75
-70
-75
-70
-75
-70
-75
-70
-75
-70
-75
-70
-75
-70
-70
-70
-70
-70
-74
-74
-74
-74
-74
-74
-74
-74
-74
-74
-65
-65
-65
-65
-65
-65
-76
-65
-79
-65
-79
-76
-79
-76
-79
-76
-79
-76
-79
-76
-79
-76
-79
-76
-79
-76
-76
-76
-71
-71
-70
-70
-70
-70
-70
-70
-65
-65
-65
-77
-65
-77
-65
-77
-65
-77
-65
-77
-65
-77
-65
-77
-72
-77
-72
-77
-71
-77
-71
-68
-68
-68
-68
-81
-68
-73
-68
-73
-68
-82
-68
-82
-65
-68
-65
-68
-65
-65
-65
-65
-65
-65
-65
-65
-62
-75
-62
-75
-62
-75
-68
-75
-68
-75
-68
-75
-68
-75
-68
-75
-68
-75
-68
-75
-68
-68
-64
-64
-64
-74
-64
-74
-64
-74
-64
-74
-64
-75
-64
-75
-64
-75
-64
-75
-75
-75
-75
-75
-75
-75
-85
-62
-85
-64
-85
-64
-85
-64
-76
-64
-76
-64
-76
-64
-76
-64
-76
-64
-76
-64
-76
-77
-70
-77
-70
-77
-70
-77
-70
-77
-70
-77
-70
-77
-70
-77
-70
-77
-70
-66
-66
-66
-66
-66
-66
-66
-66
-66
-66
-64
-70
-70
-70
-70
-70
-70
-70
-70
-70
-73
-70
-73
-75
-75
-75
-75
-75
-88
-88
-88
-88
-70
-88
-72
-88
-72
-88
-72
-88
-72
-88
-72
-88
-72
-72
-72
-76
-66
-76
-66
-76
-66
-76
-66
-76
-66
-76
-66
-76
-66
-76
-66
-76
-66
-76
-73
-68
-70
-68
-70
-68
-70
-68
-70
-68
-70
-68
-70
-68
-84
-68
-84
-68
-84
-84
-84
-85
-85
-85
-85
-85
-85
-85
-85
-85
-68
-68
-68
-68
-68
-68
-64
-64
-75
-64
-71
-64
-72
-64
-72
-64
-72
-64
-72
-64
-72
-64
-72
-72
-72
-72
-67
-66
-63
-63
-74
-63
-74
-63
-74
-63
-74
-63
-74
-63
-74
-67
-74
-64
-74
-64
-74
-64
-64
-64
-64
-64
-64
-64
-64
-67
-67
-67
-67
-67
-67
-67
-68
-68
-68
-68
-68
-68
-68
-68
-68
-64
-64
-66
-68
-66
-66
-64
-64
-64
-64
-64
-64
-64
-64
-64
-64
-67
-67
-67
-67
-67
-67
-67
-67
-67
-74
-67
-74
-68
-74
-68
-74
-68
-74
-68
-74
-68
-74
-68
-74
-68
-74
-67
-74
-64
-64
-64
-64
-64
-81
-64
-81
-64
-81
-64
-81
-64
-80
-64
-80
-80
-80
-64
-80
-64
-80
-64
-71
-64
-71
-64
-71
-67
-71
-67
-71
-67
-71
-66
-71
-66
-71
-66
-71
-66
-66
-73
-67
-73
-67
-73
-67
-73
-68
-73
-65
-73
-67
-73
-67
-73
-67
-73
-67
-73
-67
-67
-67
-67
-67
-67
-68
-67
-67
-67
-67
-73
-67
-73
-67
-72
-66
-75
-66
-74
-67
-74
-67
-74
-67
-74
-67
-74
-67
-74
-67
-74
-67
-74
-67
-74
-67
-74
-71
-71
-71
-68
-68
-68
-73
-68
-73
-68
-73
-68
-73
-68
-73
-68
-73
-68
-73
